0.0001	1826.09	0	100000
0.0002	3652.17	0	100000
0.0003	5478.26	0	100000
0.0004	7304.35	0	100000
0.0005	9130.43	0	100000
0.0006	10956.5	0	100000
0.0007	11966.8	1	100103
0.0008	12588.2	1	100261
0.0009	13211.2	1	100427
0.001	13835.8	1	100601
0.0011	14462	1	100783
0.0012	15090	1	100973
0.0013	15719.8	1	101170
0.0014	16351.6	1	101376
0.0015	16985.3	1	101590
0.0016	17621	1	101812
0.0017	18143.3	2	102056
0.0018	18783	2	102292
0.0019	19425	2	102536
0.002	20069.2	2	102788
0.0021	20715.8	2	103048
0.0022	21364.9	2	103315
0.0023	22016.5	2	103591
0.0024	22670.7	2	103874
0.0025	23327.5	2	104166
0.0026	23987	2	104465
0.0027	24649.4	2	104772
0.0028	25314.5	2	105086
0.0029	25982.6	2	105409
0.003	26653.7	2	105739
0.0031	27327.8	2	106077
0.0032	28005.1	2	106423
0.0033	28685.5	2	106777
0.0034	29369.1	2	107138
0.0035	30056.1	2	107507
0.0034	28135	2	107507
0.0033	26214	2	107507
0.0032	24293	2	107507
0.0031	22372	2	107507
0.003	20451	2	107507
0.0029	18530	2	107507
0.0028	16609	2	107507
0.0027	14688	2	107507
0.0026	12767	2	107507
0.0025	10846	2	107507
0.0024	8925.01	2	107507
0.0023	7004.01	2	107507
0.0022	5083.01	2	107507
0.0021	3162	2	107507
0.002	1241	2	107507
0.0019	-680.005	2	107507
0.0018	-2601.01	2	107507
0.0017	-4522.01	2	107507
0.0016	-6443.02	2	107507
0.0015	-7567.88	2	107566
0.0014	-8191.62	2	107666
0.0013	-8816.29	2	107774
0.0012	-9441.98	2	107890
0.0011	-10068.8	2	108015
0.001	-10696.7	2	108147
0.0009	-11325.9	2	108288
0.0008	-11956.3	2	108437
0.0007	-12588.2	2	108594
0.0006	-13221.5	2	108759
0.0005	-13856.3	2	108933
0.0004	-14492.7	2	109114
0.0003	-15130.8	2	109304
0.0002	-15770.6	2	109501
0.0001	-16412.2	2	109707
-1.89735e-19	-17055.7	2	109921
-0.0001	-17701.2	2	110143
-0.0002	-18348.6	2	110373
-0.0003	-18998.1	2	110611
-0.0004	-19649.8	2	110857
-0.0005	-20303.7	2	111111
-0.0006	-20959.9	2	111373
-0.0007	-21618.4	2	111643
-0.0008	-22279.4	2	111921
-0.0009	-22942.8	2	112207
-0.001	-23608.8	2	112502
-0.0011	-24277.4	2	112804
-0.0012	-24948.7	2	113114
-0.0013	-25622.7	2	113432
-0.0014	-26299.5	2	113758
-0.0015	-26979.2	2	114092
-0.0016	-27661.9	2	114434
-0.0017	-28347.5	2	114783
-0.0018	-29036.2	2	115141
-0.0019	-29728.1	2	115507
-0.0018	-27708.1	2	115507
-0.0017	-25688.1	2	115507
-0.0016	-23668.1	2	115507
-0.0015	-21648.2	2	115507
-0.0014	-19628.2	2	115507
-0.0013	-17608.2	2	115507
-0.0012	-15588.2	2	115507
-0.0011	-13568.3	2	115507
-0.001	-11548.3	2	115507
-0.0009	-9528.3	2	115507
-0.0008	-7508.32	2	115507
-0.0007	-5488.35	2	115507
-0.0006	-3468.37	2	115507
-0.0005	-1448.39	2	115507
-0.0004	571.582	2	115507
-0.0003	2591.56	2	115507
-0.0002	4611.53	2	115507
-0.0001	6631.51	2	115507
-2.43945e-19	8651.49	2	115507
0.0001	10406.6	2	115532
0.0002	11043.9	2	115669
0.0003	11682.5	2	115814
0.0004	12322.3	2	115966
0.0005	12963.4	2	116128
0.0006	13606	2	116297
0.0007	14250.1	2	116474
0.0008	14895.7	2	116660
0.0009	15543	2	116854
0.001	16191.9	2	117056
0.0011	16842.7	2	117267
0.0012	17495.2	2	117485
0.0013	18149.7	2	117712
0.0014	18806.1	2	117947
0.0015	19464.6	2	118189
0.0016	20125.2	2	118441
0.0017	20787.9	2	118700
0.0018	21452.9	2	118967
0.0019	22120.2	2	119243
0.002	22789.8	2	119526
0.0021	23461.9	2	119818
0.0022	24136.5	2	120118
0.0023	24813.6	2	120426
0.0024	25493.3	2	120742
0.0025	26175.7	2	121066
0.0026	26860.9	2	121398
0.0027	27548.9	2	121738
0.0028	28239.7	2	122086
0.0029	28933.5	2	122442
0.003	29630.3	2	122807
0.0031	30330.1	2	123179
0.003	28217.1	2	123179
0.0029	26104.1	2	123179
0.0028	23991.1	2	123179
0.0027	21878.1	2	123179
0.0026	19765.2	2	123179
0.0025	17652.2	2	123179
0.0024	15539.2	2	123179
0.0023	13426.2	2	123179
0.0022	11313.2	2	123179
0.0021	9200.23	2	123179
0.002	7087.25	2	123179
0.0019	4974.26	2	123179
0.0018	2861.27	2	123179
0.0017	748.289	2	123179
0.0016	-1364.7	2	123179
0.0015	-3477.68	2	123179
0.0014	-5590.67	2	123179
0.0013	-7703.65	2	123179
0.0012	-9816.64	2	123179
0.0011	-11929.6	2	123179
0.001	-12863	2	123308
0.0009	-13512.9	2	123476
0.0008	-14164.2	2	123651
0.0007	-14817	2	123835
0.0006	-15471.3	2	124027
0.0005	-16127.3	2	124228
0.0004	-16784.9	2	124436
0.0003	-17444.3	2	124653
0.0002	-18105.5	2	124879
0.0001	-18768.6	2	125112
-1.89735e-19	-19433.7	2	125354
-0.0001	-20100.7	2	125604
-0.0002	-20769.8	2	125862
-0.0003	-21441.1	2	126128
-0.0004	-22114.6	2	126403
-0.0005	-22790.4	2	126686
-0.0006	-23468.4	2	126977
-0.0007	-24148.9	2	127276
-0.0008	-24831.9	2	127583
-0.0009	-25517.3	2	127899
-0.001	-26205.4	2	128222
-0.0011	-26896	2	128554
-0.0012	-27589.4	2	128894
-0.0013	-28285.6	2	129242
-0.0014	-28984.5	2	129599
-0.0015	-29686.4	2	129963
-0.0016	-30391.2	2	130335
-0.0015	-28193	2	130335
-0.0014	-25994.8	2	130335
-0.0013	-23796.6	2	130335
-0.0012	-21598.4	2	130335
-0.0011	-19400.2	2	130335
-0.001	-17202.1	2	130335
-0.0009	-15003.9	2	130335
-0.0008	-12805.7	2	130335
-0.0007	-10607.5	2	130335
-0.0006	-8409.29	2	130335
-0.0005	-6211.1	2	130335
-0.0004	-4012.91	2	130335
-0.0003	-1814.72	2	130335
-0.0002	383.466	2	130335
-0.0001	2581.66	2	130335
-2.43945e-19	4779.85	2	130335
0.0001	6978.04	2	130335
0.0002	9176.23	2	130335
0.0003	11374.4	2	130335
0.0004	13572.6	2	130335
0.0005	15062.5	2	130423
0.0006	15723.5	2	130618
0.0007	16386.2	2	130821
0.0008	17050.5	2	131032
0.0009	17716.5	2	131251
0.001	18384.3	2	131479
0.0011	19053.9	2	131715
0.0012	19725.4	2	131960
0.0013	20398.9	2	132213
0.0014	21074.4	2	132474
0.0015	21752.1	2	132743
0.0016	22431.8	2	133021
0.0017	23113.8	2	133307
0.0018	23798.1	2	133601
0.0019	24484.7	2	133903
0.002	25173.7	2	134214
0.0021	25865.2	2	134533
0.0022	26559.2	2	134860
0.0023	27255.8	2	135195
0.0024	27955	2	135539
0.0025	28656.9	2	135890
0.0026	29361.6	2	136250
0.0027	30069.1	2	136619
