-0	-0
5e-05	327.869
0.0001	360.656
0.00015	393.443
0.0002	426.23
0.00025	459.016
0.0003	491.803
0.00035	524.59
0.0004	557.377
0.00045	590.164
0.0005	622.951
0.00055	655.738
0.0006	688.525
0.00065	721.311
0.0007	754.098
0.00075	786.885
0.0008	819.672
0.00085	852.459
0.0009	885.246
0.00095	918.033
0.001	950.82
0.00105	983.607
0.0011	1016.39
0.00115	1049.18
0.0012	1081.97
0.00125	1114.75
0.0013	1147.54
0.00135	1180.33
0.0014	1213.11
0.00145	1245.9
0.0015	1278.69
0.00155	1311.48
0.0016	1344.26
0.00165	1377.05
0.0017	1409.84
0.00175	1442.62
0.0018	1475.41
0.00185	1508.2
0.0019	1540.98
0.00195	1573.77
0.002	1606.56
0.00205	1639.34
0.0021	1672.13
0.00215	1704.92
0.0022	1737.7
0.00225	1770.49
0.0023	1803.28
0.00235	1836.07
0.0024	1868.85
0.00245	1901.64
0.0025	1934.43
0.00255	1967.21
0.0026	2000
0.00265	2032.79
0.0027	2065.57
0.00275	2098.36
0.0028	2131.15
0.00285	2163.93
0.0029	2196.72
0.00295	2229.51
0.003	2262.3
0.00305	2295.08
0.0031	2327.87
0.00315	2360.66
0.0032	2393.44
0.00325	2426.23
0.0033	2459.02
0.00335	2491.8
0.0034	2524.59
0.00345	2557.38
0.0035	2590.16
0.00355	2622.95
0.0036	2655.74
0.00365	2688.52
0.0037	2721.31
0.00375	2754.1
0.0038	2786.89
0.00385	2819.67
0.0039	2852.46
0.00395	2885.25
0.004	2918.03
0.00405	2950.82
0.0041	2983.61
0.00415	3016.39
0.0042	3049.18
0.00425	3081.97
0.0043	3114.75
0.00435	3147.54
0.0044	3180.33
0.00445	3213.11
0.0045	3245.9
0.00455	3278.69
0.0046	3311.48
0.00465	3344.26
0.0047	3377.05
0.00475	3409.84
0.0048	3442.62
0.00485	3475.41
0.0049	3508.2
0.00495	3540.98
0.005	3573.77
0.00495	1573.77
0.0049	-426.23
0.00485	-2426.23
0.0048	-3587.75
0.00475	-3620.53
0.0047	-3653.32
0.00465	-3686.11
0.0046	-3718.89
0.00455	-3751.68
0.0045	-3784.47
0.00445	-3817.25
0.0044	-3850.04
0.00435	-3882.83
0.0043	-3915.61
0.00425	-3948.4
0.0042	-3981.19
0.00415	-4013.97
0.0041	-4046.76
0.00405	-4079.55
0.004	-4112.34
0.00395	-4145.12
0.0039	-4177.91
0.00385	-4210.7
0.0038	-4243.48
0.00375	-4276.27
0.0037	-4309.06
0.00365	-4341.84
0.0036	-4374.63
0.00355	-4407.42
0.0035	-4440.2
0.00345	-4472.99
0.0034	-4505.78
0.00335	-4538.56
0.0033	-4571.35
0.00325	-4604.14
0.0032	-4636.93
0.00315	-4669.71
0.0031	-4702.5
0.00305	-4735.29
0.003	-4768.07
0.00295	-4800.86
0.0029	-4833.65
0.00285	-4866.43
0.0028	-4899.22
0.00275	-4932.01
0.0027	-4964.79
0.00265	-4997.58
0.0026	-5030.37
0.00255	-5063.16
0.0025	-5095.94
0.00245	-5128.73
0.0024	-5161.52
0.00235	-5194.3
0.0023	-5227.09
0.00225	-5259.88
0.0022	-5292.66
0.00215	-5325.45
0.0021	-5358.24
0.00205	-5391.02
0.002	-5423.81
0.00195	-5456.6
0.0019	-5489.38
0.00185	-5522.17
0.0018	-5554.96
0.00175	-5587.75
0.0017	-5620.53
0.00165	-5653.32
0.0016	-5686.11
0.00155	-5718.89
0.0015	-5751.68
0.00145	-5784.47
0.0014	-5817.25
0.00135	-5850.04
0.0013	-5882.83
0.00125	-5915.61
0.0012	-5948.4
0.00115	-5981.19
0.0011	-6013.97
0.00105	-6046.76
0.001	-6079.55
0.00095	-6112.34
0.0009	-6145.12
0.00085	-6177.91
0.0008	-6210.7
0.00075	-6243.48
0.0007	-6276.27
0.00065	-6309.06
0.0006	-6341.84
0.00055	-6374.63
0.0005	-6407.42
0.00045	-6440.2
0.0004	-6472.99
0.00035	-6505.78
0.0003	-6538.56
0.00025	-6571.35
0.0002	-6604.14
0.00015	-6636.93
0.0001	-6669.71
5e-05	-6702.5
1.21973e-19	-6735.29
-5e-05	-6768.07
-0.0001	-6800.86
-0.00015	-6833.65
-0.0002	-6866.43
-0.00025	-6899.22
-0.0003	-6932.01
-0.00035	-6964.79
-0.0004	-6997.58
-0.00045	-7030.37
-0.0005	-7063.16
-0.00055	-7095.94
-0.0006	-7128.73
-0.00065	-7161.52
-0.0007	-7194.3
-0.00075	-7227.09
-0.0008	-7259.88
-0.00085	-7292.66
-0.0009	-7325.45
-0.00095	-7358.24
-0.001	-7391.02
-0.00105	-7423.81
-0.0011	-7456.6
-0.00115	-7489.38
-0.0012	-7522.17
-0.00125	-7554.96
-0.0013	-7587.75
-0.00135	-7620.53
-0.0014	-7653.32
-0.00145	-7686.11
-0.0015	-7718.89
-0.00155	-7751.68
-0.0016	-7784.47
-0.00165	-7817.25
-0.0017	-7850.04
-0.00175	-7882.83
-0.0018	-7915.61
-0.00185	-7948.4
-0.0019	-7981.19
-0.00195	-8013.97
-0.002	-8046.76
-0.00205	-8079.55
-0.0021	-8112.34
-0.00215	-8145.12
-0.0022	-8177.91
-0.00225	-8210.7
-0.0023	-8243.48
-0.00235	-8276.27
-0.0024	-8309.06
-0.00245	-8341.84
-0.0025	-8374.63
-0.00255	-8407.42
-0.0026	-8440.2
-0.00265	-8472.99
-0.0027	-8505.78
-0.00275	-8538.56
-0.0028	-8571.35
-0.00285	-8604.14
-0.0029	-8636.93
-0.00295	-8669.71
-0.003	-8702.5
-0.00305	-8735.29
-0.0031	-8768.07
-0.00315	-8800.86
-0.0032	-8833.65
-0.00325	-8866.43
-0.0033	-8899.22
-0.00335	-8932.01
-0.0034	-8964.79
-0.00345	-8997.58
-0.0035	-9030.37
-0.00355	-9063.16
-0.0036	-9095.94
-0.00365	-9128.73
-0.0037	-9161.52
-0.00375	-9194.3
-0.0038	-9227.09
-0.00385	-9259.88
-0.0039	-9292.66
-0.00395	-9325.45
-0.004	-9358.24
-0.00405	-9391.02
-0.0041	-9423.81
-0.00415	-9456.6
-0.0042	-9489.38
-0.00425	-9522.17
-0.0043	-9554.96
-0.00435	-9587.75
-0.0044	-9620.53
-0.00445	-9653.32
-0.0045	-9686.11
-0.00455	-9718.89
-0.0046	-9751.68
-0.00465	-9784.47
-0.0047	-9817.25
-0.00475	-9850.04
-0.0048	-9882.83
-0.00485	-9915.61
-0.0049	-9948.4
-0.00495	-9981.19
-0.005	-10014
-0.00495	-8013.97
-0.0049	-6013.97
-0.00485	-4013.97
-0.0048	-2013.97
-0.00475	-13.9747
-0.0047	1986.03
-0.00465	3986.03
-0.0046	5986.03
-0.00455	7986.03
-0.0045	9986.03
-0.00445	10046.3
-0.0044	10079.1
-0.00435	10111.9
-0.0043	10144.7
-0.00425	10177.5
-0.0042	10210.2
-0.00415	10243
-0.0041	10275.8
-0.00405	10308.6
-0.004	10341.4
-0.00395	10374.2
-0.0039	10407
-0.00385	10439.7
-0.0038	10472.5
-0.00375	10505.3
-0.0037	10538.1
-0.00365	10570.9
-0.0036	10603.7
-0.00355	10636.5
-0.0035	10669.3
-0.00345	10702
-0.0034	10734.8
-0.00335	10767.6
-0.0033	10800.4
-0.00325	10833.2
-0.0032	10866
-0.00315	10898.8
-0.0031	10931.5
-0.00305	10964.3
-0.003	10997.1
-0.00295	11029.9
-0.0029	11062.7
-0.00285	11095.5
-0.0028	11128.3
-0.00275	11161.1
-0.0027	11193.8
-0.00265	11226.6
-0.0026	11259.4
-0.00255	11292.2
-0.0025	11325
-0.00245	11357.8
-0.0024	11390.6
-0.00235	11423.4
-0.0023	11456.1
-0.00225	11488.9
-0.0022	11521.7
-0.00215	11554.5
-0.0021	11587.3
-0.00205	11620.1
-0.002	11652.9
-0.00195	11685.6
-0.0019	11718.4
-0.00185	11751.2
-0.0018	11784
-0.00175	11816.8
-0.0017	11849.6
-0.00165	11882.4
-0.0016	11915.2
-0.00155	11947.9
-0.0015	11980.7
-0.00145	12013.5
-0.0014	12046.3
-0.00135	12079.1
-0.0013	12111.9
-0.00125	12144.7
-0.0012	12177.5
-0.00115	12210.2
-0.0011	12243
-0.00105	12275.8
-0.001	12308.6
-0.00095	12341.4
-0.0009	12374.2
-0.00085	12407
-0.0008	12439.7
-0.00075	12472.5
-0.0007	12505.3
-0.00065	12538.1
-0.0006	12570.9
-0.00055	12603.7
-0.0005	12636.5
-0.00045	12669.3
-0.0004	12702
-0.00035	12734.8
-0.0003	12767.6
-0.00025	12800.4
-0.0002	12833.2
-0.00015	12866
-0.0001	12898.8
-5e-05	12931.5
-1.21973e-19	12964.3
5e-05	12997.1
0.0001	13029.9
0.00015	13062.7
0.0002	13095.5
0.00025	13128.3
0.0003	13161.1
0.00035	13193.8
0.0004	13226.6
0.00045	13259.4
0.0005	13292.2
0.00055	13325
0.0006	13357.8
0.00065	13390.6
0.0007	13423.4
0.00075	13456.1
0.0008	13488.9
0.00085	13521.7
0.0009	13554.5
0.00095	13587.3
0.001	13620.1
0.00105	13652.9
0.0011	13685.6
0.00115	13718.4
0.0012	13751.2
0.00125	13784
0.0013	13816.8
0.00135	13849.6
0.0014	13882.4
0.00145	13915.2
0.0015	13947.9
0.00155	13980.7
0.0016	14013.5
0.00165	14046.3
0.0017	14079.1
0.00175	14111.9
0.0018	14144.7
0.00185	14177.5
0.0019	14210.2
0.00195	14243
0.002	14275.8
0.00205	14308.6
0.0021	14341.4
0.00215	14374.2
0.0022	14407
0.00225	14439.7
0.0023	14472.5
0.00235	14505.3
0.0024	14538.1
0.00245	14570.9
0.0025	14603.7
0.00255	14636.5
0.0026	14669.3
0.00265	14702
0.0027	14734.8
0.00275	14767.6
0.0028	14800.4
0.00285	14833.2
0.0029	14866
0.00295	14898.8
0.003	14931.5
0.00305	14964.3
0.0031	14997.1
0.00315	15029.9
0.0032	15062.7
0.00325	15095.5
0.0033	15128.3
0.00335	15161.1
0.0034	15193.8
0.00345	15226.6
0.0035	15259.4
0.00355	15292.2
0.0036	15325
0.00365	15357.8
0.0037	15390.6
0.00375	15423.4
0.0038	15456.1
0.00385	15488.9
0.0039	15521.7
0.00395	15554.5
0.004	15587.3
0.00405	15620.1
0.0041	15652.9
0.00415	15685.6
0.0042	15718.4
0.00425	15751.2
0.0043	15784
0.00435	15816.8
0.0044	15849.6
0.00445	15882.4
0.0045	15915.2
0.00455	15947.9
0.0046	15980.7
0.00465	16013.5
0.0047	16046.3
0.00475	16079.1
0.0048	16111.9
0.00485	16144.7
0.0049	16177.5
0.00495	16210.2
0.005	16243
0.00495	14243
0.0049	12243
0.00485	10243
0.0048	8243.02
0.00475	6243.02
0.0047	4243.02
0.00465	2243.02
0.0046	243.025
0.00455	-1756.98
0.0045	-3756.98
0.00445	-5756.98
0.0044	-7756.98
0.00435	-9756.98
0.0043	-11757
0.00425	-13757
0.0042	-15757
0.00415	-16267.8
0.0041	-16300.6
0.00405	-16333.4
0.004	-16366.2
0.00395	-16399
0.0039	-16431.8
0.00385	-16464.6
0.0038	-16497.4
0.00375	-16530.1
0.0037	-16562.9
0.00365	-16595.7
0.0036	-16628.5
0.00355	-16661.3
0.0035	-16694.1
0.00345	-16726.9
0.0034	-16759.6
0.00335	-16792.4
0.0033	-16825.2
0.00325	-16858
0.0032	-16890.8
0.00315	-16923.6
0.0031	-16956.4
0.00305	-16989.2
0.003	-17021.9
0.00295	-17054.7
0.0029	-17087.5
0.00285	-17120.3
0.0028	-17153.1
0.00275	-17185.9
0.0027	-17218.7
0.00265	-17251.5
0.0026	-17284.2
0.00255	-17317
0.0025	-17349.8
0.00245	-17382.6
0.0024	-17415.4
0.00235	-17448.2
0.0023	-17481
0.00225	-17513.7
0.0022	-17546.5
0.00215	-17579.3
0.0021	-17612.1
0.00205	-17644.9
0.002	-17677.7
0.00195	-17710.5
0.0019	-17743.3
0.00185	-17776
0.0018	-17808.8
0.00175	-17841.6
0.0017	-17874.4
0.00165	-17907.2
0.0016	-17940
0.00155	-17972.8
0.0015	-18005.5
0.00145	-18038.3
0.0014	-18071.1
0.00135	-18103.9
0.0013	-18136.7
0.00125	-18169.5
0.0012	-18202.3
0.00115	-18235.1
0.0011	-18267.8
0.00105	-18300.6
0.001	-18333.4
0.00095	-18366.2
0.0009	-18399
0.00085	-18431.8
0.0008	-18464.6
0.00075	-18497.4
0.0007	-18530.1
0.00065	-18562.9
0.0006	-18595.7
0.00055	-18628.5
0.0005	-18661.3
0.00045	-18694.1
0.0004	-18726.9
0.00035	-18759.6
0.0003	-18792.4
0.00025	-18825.2
0.0002	-18858
0.00015	-18890.8
0.0001	-18923.6
5e-05	-18956.4
1.21973e-19	-18989.2
-5e-05	-19021.9
-0.0001	-19054.7
-0.00015	-19087.5
-0.0002	-19120.3
-0.00025	-19153.1
-0.0003	-19185.9
-0.00035	-19218.7
-0.0004	-19251.5
-0.00045	-19284.2
-0.0005	-19317
-0.00055	-19349.8
-0.0006	-19382.6
-0.00065	-19415.4
-0.0007	-19448.2
-0.00075	-19481
-0.0008	-19513.7
-0.00085	-19546.5
-0.0009	-19579.3
-0.00095	-19612.1
-0.001	-19644.9
-0.00105	-19677.7
-0.0011	-19710.5
-0.00115	-19743.3
-0.0012	-19776
-0.00125	-19808.8
-0.0013	-19841.6
-0.00135	-19874.4
-0.0014	-19907.2
-0.00145	-19940
-0.0015	-19972.8
-0.00155	-20005.5
-0.0016	-20038.3
-0.00165	-20071.1
-0.0017	-20103.9
-0.00175	-20136.7
-0.0018	-20169.5
-0.00185	-20202.3
-0.0019	-20235.1
-0.00195	-20267.8
-0.002	-20300.6
-0.00205	-20333.4
-0.0021	-20366.2
-0.00215	-20399
-0.0022	-20431.8
-0.00225	-20464.6
-0.0023	-20497.4
-0.00235	-20530.1
-0.0024	-20562.9
-0.00245	-20595.7
-0.0025	-20628.5
-0.00255	-20661.3
-0.0026	-20694.1
-0.00265	-20726.9
-0.0027	-20759.6
-0.00275	-20792.4
-0.0028	-20825.2
-0.00285	-20858
-0.0029	-20890.8
-0.00295	-20923.6
-0.003	-20956.4
-0.00305	-20989.2
-0.0031	-21021.9
-0.00315	-21054.7
-0.0032	-21087.5
-0.00325	-21120.3
-0.0033	-21153.1
-0.00335	-21185.9
-0.0034	-21218.7
-0.00345	-21251.5
-0.0035	-21284.2
-0.00355	-21317
-0.0036	-21349.8
-0.00365	-21382.6
-0.0037	-21415.4
-0.00375	-21448.2
-0.0038	-21481
-0.00385	-21513.7
-0.0039	-21546.5
-0.00395	-21579.3
-0.004	-21612.1
-0.00405	-21644.9
-0.0041	-21677.7
-0.00415	-21710.5
-0.0042	-21743.3
-0.00425	-21776
-0.0043	-21808.8
-0.00435	-21841.6
-0.0044	-21874.4
-0.00445	-21907.2
-0.0045	-21940
-0.00455	-21972.8
-0.0046	-22005.5
-0.00465	-22038.3
-0.0047	-22071.1
-0.00475	-22103.9
-0.0048	-22136.7
-0.00485	-22169.5
-0.0049	-22202.3
-0.00495	-22235.1
-0.005	-22267.8
-0.00495	-20267.8
-0.0049	-18267.8
-0.00485	-16267.8
-0.0048	-14267.8
-0.00475	-12267.8
-0.0047	-10267.8
-0.00465	-8267.84
-0.0046	-6267.84
-0.00455	-4267.84
-0.0045	-2267.84
-0.00445	-267.844
-0.0044	1732.16
-0.00435	3732.16
-0.0043	5732.16
-0.00425	7732.16
-0.0042	9732.16
-0.00415	11732.2
-0.0041	13732.2
-0.00405	15732.2
-0.004	17732.2
-0.00395	19732.2
-0.0039	21732.2
-0.00385	22291.8
-0.0038	22324.6
-0.00375	22357.4
-0.0037	22390.2
-0.00365	22423
-0.0036	22455.8
-0.00355	22488.6
-0.0035	22521.4
-0.00345	22554.1
-0.0034	22586.9
-0.00335	22619.7
-0.0033	22652.5
-0.00325	22685.3
-0.0032	22718.1
-0.00315	22750.9
-0.0031	22783.7
-0.00305	22816.4
-0.003	22849.2
-0.00295	22882
-0.0029	22914.8
-0.00285	22947.6
-0.0028	22980.4
-0.00275	23013.2
-0.0027	23045.9
-0.00265	23078.7
-0.0026	23111.5
-0.00255	23144.3
-0.0025	23177.1
-0.00245	23209.9
-0.0024	23242.7
-0.00235	23275.5
-0.0023	23308.2
-0.00225	23341
-0.0022	23373.8
-0.00215	23406.6
-0.0021	23439.4
-0.00205	23472.2
-0.002	23505
-0.00195	23537.8
-0.0019	23570.5
-0.00185	23603.3
-0.0018	23636.1
-0.00175	23668.9
-0.0017	23701.7
-0.00165	23734.5
-0.0016	23767.3
-0.00155	23800
-0.0015	23832.8
-0.00145	23865.6
-0.0014	23898.4
-0.00135	23931.2
-0.0013	23964
-0.00125	23996.8
-0.0012	24029.6
-0.00115	24062.3
-0.0011	24095.1
-0.00105	24127.9
-0.001	24160.7
-0.00095	24193.5
-0.0009	24226.3
-0.00085	24259.1
-0.0008	24291.8
-0.00075	24324.6
-0.0007	24357.4
-0.00065	24390.2
-0.0006	24423
-0.00055	24455.8
-0.0005	24488.6
-0.00045	24521.4
-0.0004	24554.1
-0.00035	24586.9
-0.0003	24619.7
-0.00025	24652.5
-0.0002	24685.3
-0.00015	24718.1
-0.0001	24750.9
-5e-05	24783.7
-1.21973e-19	24816.4
5e-05	24849.2
0.0001	24882
0.00015	24914.8
0.0002	24947.6
0.00025	24980.4
0.0003	25013.2
0.00035	25045.9
0.0004	25078.7
0.00045	25111.5
0.0005	25144.3
0.00055	25177.1
0.0006	25209.9
0.00065	25242.7
0.0007	25275.5
0.00075	25308.2
0.0008	25341
0.00085	25373.8
0.0009	25406.6
0.00095	25439.4
0.001	25472.2
0.00105	25505
0.0011	25537.8
0.00115	25570.5
0.0012	25603.3
0.00125	25636.1
0.0013	25668.9
0.00135	25701.7
0.0014	25734.5
0.00145	25767.3
0.0015	25800
0.00155	25832.8
0.0016	25865.6
0.00165	25898.4
0.0017	25931.2
0.00175	25964
0.0018	25996.8
0.00185	26029.6
0.0019	26062.3
0.00195	26095.1
0.002	26127.9
0.00205	26160.7
0.0021	26193.5
0.00215	26226.3
0.0022	26259.1
0.00225	26291.8
0.0023	26324.6
0.00235	26357.4
0.0024	26390.2
0.00245	26423
0.0025	26455.8
0.00255	26488.6
0.0026	26521.4
0.00265	26554.1
0.0027	26586.9
0.00275	26619.7
0.0028	26652.5
0.00285	26685.3
0.0029	26718.1
0.00295	26750.9
0.003	26783.7
0.00305	26816.4
0.0031	26849.2
0.00315	26882
0.0032	26914.8
0.00325	26947.6
0.0033	26980.4
0.00335	27013.2
0.0034	27045.9
0.00345	27078.7
0.0035	27111.5
0.00355	27144.3
0.0036	27177.1
0.00365	27209.9
0.0037	27242.7
0.00375	27275.5
0.0038	27308.2
0.00385	27341
0.0039	27373.8
0.00395	27406.6
0.004	27439.4
0.00405	27472.2
0.0041	27505
0.00415	27537.8
0.0042	27570.5
0.00425	27603.3
0.0043	27636.1
0.00435	27668.9
0.0044	27701.7
0.00445	27734.5
0.0045	27767.3
0.00455	27800
0.0046	27832.8
0.00465	27865.6
0.0047	27898.4
0.00475	27931.2
0.0048	27964
0.00485	27996.8
0.0049	28029.6
0.00495	28062.3
0.005	28095.1
0.00495	26095.1
0.0049	24095.1
0.00485	22095.1
0.0048	20095.1
0.00475	18095.1
0.0047	16095.1
0.00465	14095.1
0.0046	12095.1
0.00455	10095.1
0.0045	8095.13
0.00445	6095.13
0.0044	4095.13
0.00435	2095.13
0.0043	95.1274
0.00425	-1904.87
0.0042	-3904.87
0.00415	-5904.87
0.0041	-7904.87
0.00405	-9904.87
0.004	-11904.9
0.00395	-13904.9
0.0039	-15904.9
0.00385	-17904.9
0.0038	-19904.9
0.00375	-21904.9
0.0037	-23904.9
0.00365	-25904.9
0.0036	-27904.9
0.00355	-28124.8
0.0035	-28157.6
0.00345	-28190.4
0.0034	-28223.2
0.00335	-28255.9
0.0033	-28288.7
0.00325	-28321.5
0.0032	-28354.3
0.00315	-28387.1
0.0031	-28419.9
0.00305	-28452.7
0.003	-28485.5
0.00295	-28518.2
0.0029	-28551
0.00285	-28583.8
0.0028	-28616.6
0.00275	-28649.4
0.0027	-28682.2
0.00265	-28715
0.0026	-28747.7
0.00255	-28780.5
0.0025	-28813.3
0.00245	-28846.1
0.0024	-28878.9
0.00235	-28911.7
0.0023	-28944.5
0.00225	-28977.3
0.0022	-29010
0.00215	-29042.8
0.0021	-29075.6
0.00205	-29108.4
0.002	-29141.2
0.00195	-29174
0.0019	-29206.8
0.00185	-29239.5
0.0018	-29272.3
0.00175	-29305.1
0.0017	-29337.9
0.00165	-29370.7
0.0016	-29403.5
0.00155	-29436.3
0.0015	-29469.1
0.00145	-29501.8
0.0014	-29534.6
0.00135	-29567.4
0.0013	-29600.2
0.00125	-29633
0.0012	-29665.8
0.00115	-29698.6
0.0011	-29731.4
0.00105	-29764.1
0.001	-29796.9
0.00095	-29829.7
0.0009	-29862.5
0.00085	-29895.3
0.0008	-29928.1
0.00075	-29960.9
0.0007	-29993.6
0.00065	-30026.4
0.0006	-30059.2
0.00055	-30092
0.0005	-30124.8
0.00045	-30157.6
0.0004	-30190.4
0.00035	-30223.2
0.0003	-30255.9
0.00025	-30288.7
0.0002	-30321.5
0.00015	-30354.3
0.0001	-30387.1
5e-05	-30419.9
1.21973e-19	-30452.7
-5e-05	-30485.5
-0.0001	-30518.2
-0.00015	-30551
-0.0002	-30583.8
-0.00025	-30616.6
-0.0003	-30649.4
-0.00035	-30682.2
-0.0004	-30715
-0.00045	-30747.7
-0.0005	-30780.5
-0.00055	-30813.3
-0.0006	-30846.1
-0.00065	-30878.9
-0.0007	-30911.7
-0.00075	-30944.5
-0.0008	-30977.3
-0.00085	-31010
-0.0009	-31042.8
-0.00095	-31075.6
-0.001	-31108.4
-0.00105	-31141.2
-0.0011	-31174
-0.00115	-31206.8
-0.0012	-31239.5
-0.00125	-31272.3
-0.0013	-31305.1
-0.00135	-31337.9
-0.0014	-31370.7
-0.00145	-31403.5
-0.0015	-31436.3
-0.00155	-31469.1
-0.0016	-31501.8
-0.00165	-31534.6
-0.0017	-31567.4
-0.00175	-31600.2
-0.0018	-31633
-0.00185	-31665.8
-0.0019	-31698.6
-0.00195	-31731.4
-0.002	-31764.1
-0.00205	-31796.9
-0.0021	-31829.7
-0.00215	-31862.5
-0.0022	-31895.3
-0.00225	-31928.1
-0.0023	-31960.9
-0.00235	-31993.6
-0.0024	-32026.4
-0.00245	-32059.2
-0.0025	-32092
-0.00255	-32124.8
-0.0026	-32157.6
-0.00265	-32190.4
-0.0027	-32223.2
-0.00275	-32255.9
-0.0028	-32288.7
-0.00285	-32321.5
-0.0029	-32354.3
-0.00295	-32387.1
-0.003	-32419.9
-0.00305	-32452.7
-0.0031	-32485.5
-0.00315	-32518.2
-0.0032	-32551
-0.00325	-32583.8
-0.0033	-32616.6
-0.00335	-32649.4
-0.0034	-32682.2
-0.00345	-32715
-0.0035	-32747.7
-0.00355	-32780.5
-0.0036	-32813.3
-0.00365	-32846.1
-0.0037	-32878.9
-0.00375	-32911.7
-0.0038	-32944.5
-0.00385	-32977.3
-0.0039	-33010
-0.00395	-33042.8
-0.004	-33075.6
-0.00405	-33108.4
-0.0041	-33141.2
-0.00415	-33174
-0.0042	-33206.8
-0.00425	-33239.5
-0.0043	-33272.3
-0.00435	-33305.1
-0.0044	-33337.9
-0.00445	-33370.7
-0.0045	-33403.5
-0.00455	-33436.3
-0.0046	-33469.1
-0.00465	-33501.8
-0.0047	-33534.6
-0.00475	-33567.4
-0.0048	-33600.2
-0.00485	-33633
-0.0049	-33665.8
-0.00495	-33698.6
-0.005	-33731.4
-0.00495	-31731.4
-0.0049	-29731.4
-0.00485	-27731.4
-0.0048	-25731.4
-0.00475	-23731.4
-0.0047	-21731.4
-0.00465	-19731.4
-0.0046	-17731.4
-0.00455	-15731.4
-0.0045	-13731.4
-0.00445	-11731.4
-0.0044	-9731.35
-0.00435	-7731.35
-0.0043	-5731.35
-0.00425	-3731.35
-0.0042	-1731.35
-0.00415	268.647
-0.0041	2268.65
-0.00405	4268.65
-0.004	6268.65
-0.00395	8268.65
-0.0039	10268.6
-0.00385	12268.6
-0.0038	14268.6
-0.00375	16268.6
-0.0037	18268.6
-0.00365	20268.6
-0.0036	22268.6
-0.00355	24268.6
-0.0035	26268.6
-0.00345	28268.6
-0.0034	30268.6
-0.00335	32268.6
-0.0033	33740.2
-0.00325	33772.9
-0.0032	33805.7
-0.00315	33838.5
-0.0031	33871.3
-0.00305	33904.1
-0.003	33936.9
-0.00295	33969.7
-0.0029	34002.5
-0.00285	34035.2
-0.0028	34068
-0.00275	34100.8
-0.0027	34133.6
-0.00265	34166.4
-0.0026	34199.2
-0.00255	34232
-0.0025	34264.8
-0.00245	34297.5
-0.0024	34330.3
-0.00235	34363.1
-0.0023	34395.9
-0.00225	34428.7
-0.0022	34461.5
-0.00215	34494.3
-0.0021	34527
-0.00205	34559.8
-0.002	34592.6
-0.00195	34625.4
-0.0019	34658.2
-0.00185	34691
-0.0018	34723.8
-0.00175	34756.6
-0.0017	34789.3
-0.00165	34822.1
-0.0016	34854.9
-0.00155	34887.7
-0.0015	34920.5
-0.00145	34953.3
-0.0014	34986.1
-0.00135	35018.8
-0.0013	35051.6
-0.00125	35084.4
-0.0012	35117.2
-0.00115	35150
-0.0011	35182.8
-0.00105	35215.6
-0.001	35248.4
-0.00095	35281.1
-0.0009	35313.9
-0.00085	35346.7
-0.0008	35379.5
-0.00075	35412.3
-0.0007	35445.1
-0.00065	35477.9
-0.0006	35510.7
-0.00055	35543.4
-0.0005	35576.2
-0.00045	35609
-0.0004	35641.8
-0.00035	35674.6
-0.0003	35707.4
-0.00025	35740.2
-0.0002	35772.9
-0.00015	35805.7
-0.0001	35838.5
-5e-05	35871.3
-1.21973e-19	35904.1
5e-05	35936.9
0.0001	35969.7
0.00015	36002.5
0.0002	36035.2
0.00025	36068
0.0003	36100.8
0.00035	36133.6
0.0004	36166.4
0.00045	36199.2
0.0005	36232
0.00055	36264.8
0.0006	36297.5
0.00065	36330.3
0.0007	36363.1
0.00075	36395.9
0.0008	36428.7
0.00085	36461.5
0.0009	36494.3
0.00095	36527
0.001	36559.8
0.00105	36592.6
0.0011	36625.4
0.00115	36658.2
0.0012	36691
0.00125	36723.8
0.0013	36756.6
0.00135	36789.3
0.0014	36822.1
0.00145	36854.9
0.0015	36887.7
0.00155	36920.5
0.0016	36953.3
0.00165	36986.1
0.0017	37018.8
0.00175	37051.6
0.0018	37084.4
0.00185	37117.2
0.0019	37150
0.00195	37182.8
0.002	37215.6
0.00205	37248.4
0.0021	37281.1
0.00215	37313.9
0.0022	37346.7
0.00225	37379.5
0.0023	37412.3
0.00235	37445.1
0.0024	37477.9
0.00245	37510.7
0.0025	37543.4
0.00255	37576.2
0.0026	37609
0.00265	37641.8
0.0027	37674.6
0.00275	37707.4
0.0028	37740.2
0.00285	37772.9
0.0029	37805.7
0.00295	37838.5
0.003	37871.3
0.00305	37904.1
0.0031	37936.9
0.00315	37969.7
0.0032	38002.5
0.00325	38035.2
0.0033	38068
0.00335	38100.8
0.0034	38133.6
0.00345	38166.4
0.0035	38199.2
0.00355	38232
0.0036	38264.8
0.00365	38297.5
0.0037	38330.3
0.00375	38363.1
0.0038	38395.9
0.00385	38428.7
0.0039	38461.5
0.00395	38494.3
0.004	38527
0.00405	38559.8
0.0041	38592.6
0.00415	38625.4
0.0042	38658.2
0.00425	38691
0.0043	38723.8
0.00435	38756.6
0.0044	38789.3
0.00445	38822.1
0.0045	38854.9
0.00455	38887.7
0.0046	38920.5
0.00465	38953.3
0.0047	38986.1
0.00475	39018.8
0.0048	39051.6
0.00485	39084.4
0.0049	39117.2
0.00495	39150
0.005	39182.8
